------->0 16
2 7 3 
6 4 5 
8 0 1 

------->1 15
2 7 3 
6 0 5 
8 4 1 

------->2 18
2 7 3 
0 6 5 
8 4 1 

------->3 17
0 7 3 
2 6 5 
8 4 1 

------->4 16
7 0 3 
2 6 5 
8 4 1 

------->5 17
7 6 3 
2 0 5 
8 4 1 

------->6 20
7 6 3 
2 4 5 
8 0 1 

------->7 21
7 6 3 
2 4 5 
0 8 1 

------->8 22
7 6 3 
0 4 5 
2 8 1 

------->9 21
7 6 3 
4 0 5 
2 8 1 

------->10 24
7 6 3 
4 8 5 
2 0 1 

------->11 25
7 6 3 
4 8 5 
2 1 0 

------->12 24
7 6 3 
4 8 0 
2 1 5 

------->13 23
7 6 3 
4 0 8 
2 1 5 

------->14 24
7 6 3 
4 1 8 
2 0 5 

------->15 25
7 6 3 
4 1 8 
0 2 5 

------->16 24
7 6 3 
0 1 8 
4 2 5 

------->17 23
0 6 3 
7 1 8 
4 2 5 

------->18 22
6 0 3 
7 1 8 
4 2 5 

------->19 25
6 1 3 
7 0 8 
4 2 5 

------->20 26
6 1 3 
7 2 8 
4 0 5 

------->21 27
6 1 3 
7 2 8 
4 5 0 

------->22 26
6 1 3 
7 2 0 
4 5 8 

------->23 25
6 1 3 
7 0 2 
4 5 8 

------->24 24
6 0 3 
7 1 2 
4 5 8 

生成节点的数目: 6685
扩展节点的数目: 2406
运行时间: 406ms
